7.799349494683645301e-02
-1.869858373151909725e-01
-1.268760629401734619e+00
9.530364687143334790e-03
-6.535614935671087977e-01
2.989777722737804178e-01
-1.019290434168963477e+00
-4.456085948223961202e-01
2.893630429374326463e-01
3.430500180998957704e-01
-7.883076427241680895e-02
8.150063559676918867e-01
1.686303990596516478e+00
-2.850890649581236391e-01
-1.438493536575383494e-02
9.116697190126902273e-01
-5.261634405004955717e-01
-6.028845583156027255e-01
2.884765344544500398e-01
3.841283654828246408e-01
