-2.057891746777197606e-02
-1.406783644386554455e-01
-1.335399037609643902e-01
3.230414906843880885e-01
-3.529865169686852711e-01
-3.754671274699366429e-02
-2.222454266405825274e-01
-2.904263042204529438e-02
-2.581163234876148183e-01
2.095129122466853344e-01
-3.174794829697806242e-01
1.541292605507595115e-01
-5.063385475969389704e-01
-2.769587288151018067e-01
6.021572224860931577e-01
4.252464226852147727e-02
-1.388189156256230961e-01
-4.576955649717803221e-01
-4.424092106605425623e-01
1.362939024653603559e-01
