-1.362279253597905859e-01 -1.915790522405748653e-01 5.028177953208812223e-01 4.552127498644896741e-01 9.928069669972470201e-01 1.637901302211777210e+00 -1.758192942306287254e-01 -1.997814503941830022e+00 -1.869584000156884473e-01 -1.096856245980736722e+00 5.349899981310468622e-01 -1.871106584946165829e-01 -1.319885549934494362e+00 1.568318544159426065e+00 -2.737935344476552846e+00 -6.338986973572930950e-01 -9.665353753131118719e-02 1.647635093223612124e+00 5.577654433028138570e-01 -6.347288307898802939e-01
-9.002251191291473775e-01 2.188733114573990501e-01 -2.590357191255349134e-01 4.480357374941233428e-01 1.185549711512187354e+00 -7.294847285995026409e-01 7.236739106518070841e-01 7.707056354475484428e-01 4.229694901189964135e-02 -3.093647430340833449e+00 -9.747469797398549129e-01 2.991904787451022951e-01 -2.645164810820832102e+00 1.394659973668983755e+00 -7.839935946721294791e-01 -9.154824108241973457e-01 1.092891221663156998e+00 1.148424509813332772e+00 -3.839433023204718576e-01 7.853705885026015521e-01
-7.630332086969762173e-01 -2.957570515526516952e-01 2.448789592439803431e-01 7.304252531691027839e-01 -1.118267140491342904e+00 -6.468582889925099666e-01 -1.181438967204124557e+00 -3.349867459010430482e-02 -2.044361391231134473e+00 -2.927020333539793739e-01 2.208047758874417621e+00 -1.356286594823504776e+00 1.138214548273375648e+00 -1.404308810343152691e+00 -1.534035122028787335e+00 -1.503988573302189324e-01 -2.368749478294707167e-01 -3.536997731953117063e-01 -1.978793681734454912e+00 7.147563732811428316e-01
1.610972708227470740e+00 1.690886876869995614e+00 -1.685208369708314669e+00 4.039592322169914818e-01 -5.970460485108899373e-01 -6.790456302948806311e-01 -2.256844090036993766e-01 -1.485712013654854946e+00 -6.074647620513727864e-01 -9.292723991236059300e-01 -1.357963616677659302e-01 7.905318168503712162e-01 -6.595157359932045660e-01 3.011224634911818798e-01 9.981522297110148045e-01 1.290383090083219608e+00 1.709927294451495161e+00 -2.075371891178152128e-01 -1.983307563616382829e+00 -1.243656286847569126e+00
1.361037119416302232e+00 -2.237281665166662992e-01 -1.849776610869189097e+00 1.642980848162307050e-01 -9.285889740636803502e-01 9.304277991994192032e-01 -9.620810270913580098e-01 -4.683572856431992282e-01 -3.433262789254648006e-01 4.386403474529877999e-01 -1.575677478081298988e+00 1.464615566832033089e+00 -1.488045569507593591e+00 2.926710739423448171e-01 1.265140939601009373e+00 1.172465833604538599e+00 1.268534663083574987e+00 -1.893169622635656468e+00 6.217240363669011005e-01 -1.970860051648127387e+00
3.314403959577922887e-01 4.485511607395662459e-01 -5.811872679089501448e-01 -4.925997586111632853e-01 -6.788740029734700032e-01 -2.692685858704606972e+00 3.458172307037597482e-01 1.744248709338598102e+00 -6.447160824577339300e-01 -2.200595621558921744e-01 1.488823275808267121e+00 3.692883259395728368e-01 1.784573359832370421e-01 -4.117065478222718400e-01 1.991851526623733104e+00 5.582362931116499061e-01 8.957131943333355162e-01 -1.402690929100490536e+00 -1.170722282461363895e+00 4.836213930752267243e-01
4.256991405721179400e-01 -2.490472781517369949e+00 -1.289579664761424938e-01 -5.269948377170172726e-01 7.724203281143835476e-01 7.220208077086789356e-01 1.208316990090611442e+00 -8.683559160915353681e-02 -1.217286799725238566e+00 -4.905620747607031262e-01 6.510017358344829530e-01 -1.194094218237164329e+00 -4.194206221894300479e-02 1.472751668257218371e+00 -1.401210761636056290e+00 6.888458746263073085e-01 3.164326742154089933e-01 2.519655445117396364e-01 -6.511514954942294597e-01 -3.253122137070781905e-01
2.205574128494234773e-02 -6.079374863259561224e-01 -6.286331237275863959e-01 2.470907354390496025e+00 -8.880675044816481734e-01 1.752865638960829253e+00 -2.194515270441631305e+00 -1.283439060194946635e-01 -1.390915190125944667e+00 -7.116253077646989000e-01 -3.915132880123041170e-01 -3.254113028311307887e-01 -5.454289949380247693e-01 9.713863340719885997e-01 -2.164653860858519074e+00 2.749706595984771074e-01 -2.689334577280851346e-01 6.575465586369538817e-01 5.721331018925652351e-02 -4.258449475366357095e-01
2.444796507752327042e+00 -1.237812516881490854e+00 1.066577589559764006e+00 -5.058461142587956649e-01 1.755583276188355316e-02 5.298290409802161038e-01 -4.545780999123112953e-01 -2.872267530534991842e+00 7.241403401477176649e-01 1.565829881983941574e+00 1.224432590596228110e+00 -2.298528441349097506e-01 4.744511310652315683e-01 4.762618782578618704e-01 4.616479336866788352e-02 1.139961063792255036e+00 -4.766271379818343146e-01 -1.083785264113053648e+00 -5.961172983504062772e-01 -9.223079785019987487e-01
-2.556458587714210973e-01 2.132744606231304463e+00 -5.342866944650213057e-01 -4.582728287824845426e-01 -2.991935925275100439e-01 -1.704710420354212497e+00 -1.005440569688772490e+00 1.171164565735985041e+00 6.093131250165888524e-01 5.441999795062021222e-02 -8.218962508831766378e-01 1.549205612883624683e+00 -1.071559337445337157e+00 -1.427736997185458767e+00 1.813915241418537105e+00 -6.060356808959748154e-01 -7.725792841051960513e-01 -3.840332734576180629e-01 1.577656088007783453e+00 3.279034404829517246e-01
1.067556679713881573e+00 1.484811944994046451e+00 -1.226799080573043321e+00 3.795351507276990138e-02 4.136286512799058346e-01 -8.200006088971462104e-01 -4.962869353292714281e-01 6.886361468887109982e-01 4.694009899322536539e-01 -6.610427776129398358e-01 -1.980258398410290832e+00 3.493134742652136832e-02 4.284511354875341627e-01 8.397353269033387413e-01 4.682555679244865821e-01 9.965070297800371346e-01 -3.108819666588120145e-01 1.467242927224063243e+00 -6.482463866313349365e-01 -9.599272711637074629e-02
-2.518908058240565961e-01 -4.178091185449638867e-01 -1.276015441077849477e+00 -4.830073307805604621e+00 1.617599324742639455e+00 -3.514434879959707492e-01 3.342294372957355986e+00 -3.411291014443060821e-01 1.550951555412904526e+00 1.194646952340514323e+00 -7.582530728058063385e-01 -2.027016616080223432e+00 -1.154640951688621131e+00 2.460395543501346094e-01 1.296127588491967630e+00 -2.305491327812247623e-02 -6.971799445216437796e-01 1.308770868436808232e+00 -3.560480756361128485e-02 -6.008667038035707675e-01
-2.552792709656057646e-01 -6.686056999275076240e-01 6.424873623849854942e-01 4.976147173636346066e-01 -2.096552900856322843e+00 5.622670542446565056e-01 -3.131443518771669376e-01 -3.753027640199598225e-01 -4.818756409767838145e-01 2.453280784630782474e+00 1.360637913823466993e+00 -2.647381110419241498e-02 1.463710341046708052e+00 -2.432994993300695796e+00 1.430327480723457612e+00 1.404113369227898978e-01 -2.579286702598718173e-01 -2.133626891265044012e+00 -4.426586935918533361e-01 3.938239591591986555e-01
-1.153262460793647165e-01 -7.844016459729180601e-01 1.269764169551060862e+00 2.170842855785941161e+00 -1.231570309887595610e-01 3.633789486622353015e-01 -2.742790068443146101e-01 1.373758222752151426e+00 2.192436215271727218e-01 -5.179966525549715151e-01 -8.210401176914567944e-01 1.870697133639984022e+00 -4.395523057131217604e-01 -7.481381271096320118e-01 1.400633441644645982e+00 6.495049052980639975e-03 7.077502702064982776e-01 -2.247704702271144939e+00 -3.344371098686368393e-01 5.536219734237171064e-01
-1.399787632878376209e-01 -9.818252310077021372e-01 4.186752175830937839e-01 -1.874475810380647145e+00 1.058407664566363593e+00 -2.149360211786207842e+00 1.899569644650388911e+00 1.347218956812692880e+00 -1.161326976517822185e-01 -3.951610061402244800e-01 6.353543025726958726e-01 -3.896672822491341059e-01 -1.638710876244986736e-01 -2.178796993742742050e-01 1.101016499009015215e+00 2.098920379072655718e-01 1.806634711182513592e-02 -1.043759338120826330e+00 -3.327724593718690005e-01 1.391953672815053222e+00
-1.560735823006215606e+00 -1.047365236441346742e-01 1.482972309322830640e+00 1.239156050281835508e+00 -3.223713701598480141e-01 4.145765220795510353e-01 -2.659161250609956562e-01 1.399412104676321711e+00 6.404218096249308934e-02 6.388449697423432827e-01 4.960574797883731679e-01 -9.397196670405720820e-01 1.171153330666849568e+00 -6.639678822873599229e-01 -2.556742465204101533e-01 -1.572619603218115003e+00 -1.385150201437480133e+00 8.177157387980947822e-01 1.166081250691332283e+00 2.282740470768235053e+00
-1.307719150203090708e+00 8.761821383535634000e-01 7.657675424031608336e-02 -4.587381698381270967e-01 1.152519959517865678e+00 -5.413300241662073464e-01 6.949363272404711356e-02 8.081287636905039318e-02 1.025304732132981789e+00 -7.963485452002901921e-01 -1.201648217894648374e+00 4.950396246548330326e-01 3.100403769603505832e-01 1.477298948025538960e+00 -1.072409554093485706e+00 -6.822582636897566166e-01 -6.995082704079371716e-01 1.689552082570191294e+00 9.456419446283211849e-01 1.672637707592006806e-01
-9.974891173961929480e-01 1.606832645359912437e+00 7.784891259385481321e-01 -8.710313985423489003e-01 1.330047502463793441e+00 -1.224790110129344134e+00 -1.216950766019588709e-02 9.897549510980780951e-01 1.472250900919135574e+00 -1.542376900560346709e+00 -1.448361754247309008e-01 1.607808742421897197e+00 -9.895440028637211283e-01 1.133444992476893454e+00 1.299564111185189663e-01 -9.722909512385023989e-01 6.944952698191416696e-01 1.086532876333180964e+00 1.642325739536311946e-01 3.381913273585288038e-01
-2.816341354929117191e-01 -1.752447221418593326e+00 1.197252630980243149e+00 1.500448384053243434e+00 -5.225818702233760993e-01 2.029537834661988338e+00 -4.220354239199384794e-01 -6.728752728977394071e-01 -1.781229456114564735e-01 1.348828658131251412e+00 2.764238102800800068e-01 5.164900171381404670e-01 -7.712765701613679692e-01 3.168675575447241766e-01 -5.153337176380707874e-01 -4.087304841064677285e-01 -8.484624373282814713e-02 -5.886970497326192708e-01 1.260355685599744147e-01 3.020288769642888727e-01
-3.639711370392308409e-01 -3.416842189397029661e-01 -4.489473596216859708e-01 1.698980251606806657e+00 -1.358521541395944610e+00 -1.243732273072468253e+00 -1.089608103862471644e+00 6.924038226162595455e-01 -1.733858068262702945e+00 4.193208471839834223e-02 1.178426986994998371e+00 -3.424181607303031227e-01 1.716836990273639119e+00 -1.307083600552011227e+00 -2.452146127917095575e-01 4.243882418861452122e-01 7.130110625470260921e-02 -4.992629786790524493e-01 -2.119450976022340782e+00 -5.949668283282417702e-01
