-1.882959969763308150e+00 -3.690910188948649528e-01 -1.129506099997648616e-02 3.298804736645084001e-01 1.895733314029153682e+00 -1.189631436763451539e-01 -3.159892986111760393e+00 2.725352507780737454e+00 -1.688549256681739497e+00 2.251763143415461688e+00
-7.750262495793754924e-01 -8.987298061332481547e-01 6.670437573456705627e-01 8.355268368971451032e-02 2.714986449217130726e+00 -6.682664732478502678e-01 3.486020075710580368e+00 -4.454954240186256853e-01 -1.453258572180544217e+00 -2.246583764195585253e+00
-3.657146222084590170e-01 1.060114722902424145e+00 1.056424387003513932e+00 1.426777596751522603e+00 -1.903516734327727944e+00 1.744875560153594352e+00 -1.457438443196437117e+00 -1.415235594398914554e+00 2.204590095281298012e+00 -2.162940658405299033e+00
-2.836448610594975328e+00 2.104260006852022080e+00 3.721205162295498248e+00 3.766068564746679836e+00 -9.019479984402658523e-01 -1.319651953026491631e+00 -1.968126315419134853e+00 2.206942814624038629e+00 -2.486780047773164526e+00 -2.135533557908344982e+00
2.694847914789442633e+00 -2.039896732891696818e+00 1.002366333511258922e+00 -1.760347053457942623e+00 6.121589850633422092e-01 -1.153195813490830585e-01 9.772660751431178072e-01 -2.218523733437559375e+00 1.127927719867927836e+00 4.101821480136534914e-01
-2.140586871155070181e+00 1.038815554317364720e+00 9.376513341869469054e-01 9.976071180040247954e-01 -2.055418707660917832e+00 -2.136719210957372272e+00 -2.968828223023363577e+00 6.647376776234156237e-01 1.961769144893895644e+00 3.547879022504607516e+00
2.436104086869593122e+00 -1.957169084757788280e+00 -2.552813381757566003e+00 -1.938887246410645027e+00 2.736718345972405722e-02 2.565396670172404026e+00 5.997884161597811792e-01 -1.299387881729879402e+00 7.413837178799594918e-01 1.051976036181872187e+00
1.784065201605885109e+00 1.793738723387358514e+00 9.349828790502935361e-01 -4.404850894126336458e-01 -3.166375631445208061e+00 1.001973282735882487e+00 4.009217375380192294e+00 -1.934067180917409257e+00 -2.098911426935040847e+00 -1.446155912546867928e+00
-2.388464333136137263e+00 4.861369205940919702e-01 2.026264698143808440e-01 -6.986119124109403389e-01 1.709958705623612962e+00 5.495317800484991189e-01 9.880713309696540492e-01 -2.955220323346444022e+00 2.357607804999855450e+00 -6.587640697948575763e-01
-3.799270690496723279e+00 2.288620650033606818e+00 -3.217264117511624999e+00 1.309691122752050907e+00 -4.012400069288699078e-01 1.359446512597370704e+00 -2.837110750229062006e+00 8.731115188631493051e-01 2.791690546739681977e+00 1.902705013020520530e+00
2.150613384770463377e+00 -5.086835397610031118e-01 -1.360912723872753860e+00 2.446733905390571007e+00 -1.388266238472202208e+00 1.426211122902955264e+00 -2.248748345129134130e+00 2.080501253019349850e+00 2.504921360059397251e-01 -2.594555127524498239e+00
-2.113900049382588797e+00 1.796613068459825602e+00 1.717707291402978287e+00 -2.055323794584240638e+00 1.412530235123555356e+00 -1.556008988643229063e-01 6.542308961810952006e-01 1.398656985792384289e+00 -5.039690824602961472e-01 -2.241743885043598006e+00
1.690406570085348503e-01 -1.076147650805638012e+00 -1.237364940271377112e+00 3.436862438045087398e+00 -1.026723016774682362e+00 2.510828619074807477e+00 -9.632194277282062345e-01 -8.797104022992850991e-01 -1.892358937000325758e+00 8.115724853828388818e-01
6.143598102417195950e-01 -2.526683101884098726e+00 2.630132289887832098e+00 -1.041587196534362381e+00 1.257581085519756670e+00 -2.393550516763041092e+00 -3.841980770579078719e-01 -4.479563643805187234e-02 7.803801011739994742e-01 1.467419267313572862e+00
-2.526847042258145937e+00 2.741295782371107048e+00 -2.614125196450326705e+00 -2.526817722325078730e+00 1.584830127808148692e+00 2.269202275773920086e+00 2.028823095342621841e+00 1.027430743237012223e+00 -1.673244744046202603e+00 1.552795262696941014e-01
-3.937344314659178002e-01 -7.813194635145137568e-01 -2.604413705663911616e-01 -7.318956701443282697e-02 1.014387029875193802e+00 2.251379020315144863e-01 -1.928127441558657784e+00 2.126332286410069106e+00 -2.261906249106454769e+00 2.162412648232830303e+00
-1.569609610417671275e-01 -9.633580929332499210e-01 -2.673117497872044834e-02 -1.520001343209167244e+00 7.427814313172790284e-01 -5.832663161055099410e-01 -1.692474148805546696e-01 3.359088366543652615e+00 -1.096993875377088923e+00 2.842834139987797659e-01
2.539994842366809280e+00 -3.676687446249139679e+00 1.209093799834017879e+00 1.449781643849195278e+00 5.343479299625539802e-01 -2.069984844282416248e+00 1.254814897829785725e+00 -2.934488919495527259e+00 1.381278517534807737e-01 1.379764930625827501e+00
-2.161406680873957598e+00 2.126933224332573591e+00 4.486115047416492363e-01 -6.598217370366238343e-01 8.484082651261671826e-01 -2.615539119301422577e+00 1.378676585938708010e+00 -5.403208086277559996e-01 2.255926064740920278e+00 -8.295638571938462880e-01
9.684764502821071597e-01 5.459292865557209273e-01 -1.971538533056082509e-01 1.023112853080979212e+00 -2.313034244568505926e+00 2.380395024229057022e+00 6.459012702604208789e-01 -1.100989752276538836e+00 2.932377005518392310e-01 -2.170521031563859893e+00
